25.007
29.74
21.282
34.242
29.919
26.794
13.452
31.637
33.253
27.002
29.942
33.466
22.611
31.58
32.835
32.361
25.424
33.306
25.038
30.381
24.853
30.505
24.281
31.974
32.327
26.269
30.19
34.922
33.763
30.148
16.713
32.36
25.937
30.656
34.565
22.583
16.791
29.86
30.264
31.822
26.877
24.271
29.057
32.12
31.335
23.376
33.557
29.361
27.542
29.742
27.736
29.56
33.659
26.946
30.52
32.602
25.991
31.329
26.302
27.372
29.211
26.264
28.342
27.306
29.115
28.863
27.666
26.994
31.376
25.021
30.891
27.893
31.894
32.101
30.606
32.512
29.463
30.68
31.299
30.625
28.57
32.23
31.265
30.743
34.412
30.421
32.032
33.5
29.36
31.61
30.071
31.461
32.669
34.068
29.863
31.09
25.1
29.08
33.511
18.614
23.202
30.834
29.249
35.695
29.854
24.432
25.458
29.823
33.046
33.688
29.357
32.735
31.789
26.056
33.686
31.503
25.193
12.941
26.218
25.044
24.322
28.031
28.532
31.308
32.083
32.968
30.449
21.331
18.22
19.056
27.455
31.654
33.331
29.117
28.964
37.784
19.151
30.773
30.309
24.323
24.558
26.461
30.439