10
12
16
24
27
28
27
28
28
28
27
28
27
27
27
28
27
27
27
28
27
27
28
27
27
28
28
28
27
28
29
27
27
27
28
28
28
28
27
27
27
28
28
28
28
28
28
27
27
28
27
28
28
27
27
28
29
32
31
31
30
31
31
24
24
24
24
24
25
24
25
24
25
24
25
24
25
24
24
24
25
25
24
24
24
24
24
23
24
23
24
25
24
24
23
24
24
24
24
24
24
24
24
24
24
24
24
24
25
24
24
24
24
24
24
23
24
24
24
24
24
24
24
24
24
24
24
24
24
24
24
24
24
24
24
24
25
25
26
26
26
26
26
26
26
26
27
26
26
27
26
26
26
26
28
26
26
27
26
26
26
30
29
26
26
27
26
26
26
27
26
27
27
26
26
26
28
27
26
27
27
27
27
26
26
26
26
30
27
27
26
27
27
27
28
28
27
27
27
27
27
27
28
27
27
27
27
27
27
27
27
27
27
27
28
27
27
28
27
27
27
29
27
27
28
28
28
27
27
27
27
27
27
27
27
27
27
27
27
29
27
27
27
27
28
27
32
29
27
27
27
28
28
27
27
28
28
27
27
27
27
28
27
27
27
27
29
27
27
27
27
29
27
27
27
27
29
28
27
27
27
29
27
28
27
27
27
27
27
27
27
27
27
27
28
27
27
27
28
27
27
27
28
27
27
27
27
29
27
27
27
28
29
27
27
27
27
27
27
27
28
30
27
27
28
28
28
27
28
27
27
27
27
27
27
28
28
27
27
