27
26
26
27
27
27
26
26
27
26
26
27
28
26
26
27
27
27
26
27
27
26
26
26
26
26
26
27
27
26
26
27
26
26
26
28
26
26
26
26
26
26
26
27
26
27
26
27
26
27
29
28
28
30
30
31
29
29
28
29
29
30
29
29
30
29
28
28
30
29
30
30
28
29
30
30
29
30
30
29
28
29
29
29
29
30
29
29
28
30
28
30
29
29
29
31
30
31
29
30
29
29
28
29
29
29
29
29
29
30
29
30
30
30
29
29
30
29
29
29
29
29
29
30
30
29
30
29
29
31
30
30
29
30
30
30
29
30
28
29
30
29
28
29
30
29
27
29
29
28
27
29
28
28
29
28
28
28
29
30
28
28
30
29
28
28
28
28
28
28
28
28
28
28
28
28
29
28
27
28
28
28
27
28
28
28
28
28
28
28
28
28
28
28
27
28
27
29
29
28
28
28
28
28
30
31
30
30
30
29
30
31
31
31
29
35
34
35
36
35
33
30
28
29
29
29
29
28
29
29
29
28
30
29
30
30
27
29
30
29
28
29
29
30
29
28
29
30
29
28
29
29
30
29
27
29
29
29
28
30
29
29
29
28
29
29
32
28
29
29
30
30
28
31
30
30
31
29
31
30
32
32
33
31
34
38
44
51
51
47
40
40
38
40
37
40
33
31
33
34
33
33
34
33
33
31
34
35
37
41
45
48
49
48
49
50
51
51
51
53
53
53
51
53
52
52
51
52
52
51
50
51
50
50
50
50
50
50
50
50
51
50
50
50
51
51
50
51
51
51
47
40
45
45
43
43
43
42
43
42
44
44
44
44
44
49
50
53
52
47
47
48
48
49
47
49
48
49
49
49
48
48
48
51
49
50
50
50
50
50
51
51
50
50
50
50
50
52
50
50
51
50
50
50
50
55
57
56
55
57
55
56
55
56
54
55
50
50
52
52
50
52
50
51
51
50
50
51
50
51
50
52
50
51
50
53
50
50
50
53
50
54
50
51
50
50
50
51
49
51
50
58
56
58
55
51
51
52
51
51
51
52
51
51
51
51
50
52
51
52
51
53
51
52
51
51
54
53
53
52
51
52
52
51
51
51
51
52
51
56
57
59
56
56
57
56
51
52
51
52
51
52
51
51
51
51
51
52
52
51
51
51
51
52
51
51
51
52
51
