119
115
121
132
88
99
132
140
139
116
155
131
133
133
137
126
149
144
130
143
141
155
146
112
141
101
135
164
134
99
146
117
160
138
142
153
151
144
100
142
148
101
134
139
145
131
147
135
143
160
100
100
90
137
138
144
153
148
141
136
143
102
141
142
145
148
129
145
152
152
144
152
146
123
148
152
145
121
150
152
146
154
148
146
132
144
128
177
145
147
100
151
137
103
135
147
104
101
153
96
144
153
156
140
124
149
145
146
152
148
147
139
139
133
142
140
101
143
131
141
142
144
138
157
128
166
151
132
150
158
138
169
170
143
144
167
139
